30,30
111111111111000000000000000000
001111111111111111111100000000
001100000000000000011111111100
000000000000000000000011000011
100000000000000000000001000000
010000001111111111111101000000
001000000100000011111111111111
111100000110000111111111111000
001100000010000111000000010111
000010000001000100100000110000
100001000000100010010000110000
001000100000010010001000100000
000100010000001001000100010000
000010001000000100100011111110
000001000100000010110000110000
100000100010000001010000011110
001001100001000000101000011001
111111100000100000010100001100
000001000000010000001011000010
000000100000001000000100100101
000000010000000100000010010010
111110001000000010000001000110
100111111100000001000000100001
100000011110000000100000010001
111000111011100000010000001000
100011110000011100001000000100
000000000000001001111100000011
000000000000000100000110000000
111100000001110010000000000000
000001111111100111000000000010
